{
 "cells": [
  {
   "cell_type": "markdown",
   "metadata": {},
   "source": [
    "# Lab 4\n",
    "\n",
    "[![Open In Colab](https://colab.research.google.com/assets/colab-badge.svg)](https://colab.research.google.com/github/giswqs/geog-312/blob/main/book/labs/lab_04.ipynb)\n",
    "\n",
    "This lab will help you solidify your understanding of working with `NumPy`, `Pandas`, and `GeoPandas` for geospatial data analysis. Through these exercises, you will perform data manipulation, spatial analysis, and visualizations by combining these powerful libraries."
   ]
  },
  {
   "cell_type": "markdown",
   "metadata": {},
   "source": [
    "## Exercise 1: NumPy Array Operations and Geospatial Coordinates\n",
    "\n",
    "In this exercise, you will work with NumPy arrays representing geospatial coordinates (latitude and longitude) and perform basic array operations.\n",
    "\n",
    "1. Create a 2D NumPy array containing the latitude and longitude of the following cities: Tokyo (35.6895, 139.6917), New York (40.7128, -74.0060), London (51.5074, -0.1278), and Paris (48.8566, 2.3522).\n",
    "2. Convert the latitude and longitude values from degrees to radians using np.radians().\n",
    "3. Calculate the element-wise difference between Tokyo and the other cities' latitude and longitude in radians."
   ]
  },
  {
   "cell_type": "code",
   "execution_count": 93,
   "metadata": {},
   "outputs": [
    {
     "name": "stdout",
     "output_type": "stream",
     "text": [
      "[[ 6.22899283e-01  2.43808010e+00]\n",
      " [ 7.10572408e-01 -1.29164837e+00]\n",
      " [ 8.98973719e-01 -2.23053078e-03]\n",
      " [ 8.52708531e-01  4.10536347e-02]]\n",
      "\n",
      "[[ 0.08767312 -3.72972847]\n",
      " [ 0.18840131  1.28941784]\n",
      " [-0.04626519  0.04328417]]\n"
     ]
    }
   ],
   "source": [
    "import numpy as n\n",
    "\n",
    "# 1     | Tokyo, New York, London, Paris\n",
    "coord_list = n.array([(35.6895, 139.6917), (40.7128, -74.0060), (51.5074, -0.1278), (48.8566, 2.3522)])\n",
    "\n",
    "# 2\n",
    "rad = n.radians(coord_list)\n",
    "print(rad, end=\"\\n\\n\")\n",
    "\n",
    "# 3\n",
    "diff = n.diff(rad, axis=0)\n",
    "print(diff)"
   ]
  },
  {
   "cell_type": "markdown",
   "metadata": {},
   "source": [
    "## Exercise 2: Pandas DataFrame Operations with Geospatial Data\n",
    "\n",
    "In this exercise, you'll use Pandas to load and manipulate a dataset containing city population data, and then calculate and visualize statistics.\n",
    "\n",
    "1. Load the world cities dataset from this URL using Pandas: https://github.com/opengeos/datasets/releases/download/world/world_cities.csv\n",
    "2. Display the first 5 rows and check for missing values.\n",
    "3. Filter the dataset to only include cities with a population greater than 1 million.\n",
    "4. Group the cities by their country and calculate the total population for each country.\n",
    "5. Sort the cities by population in descending order and display the top 10 cities."
   ]
  },
  {
   "cell_type": "code",
   "execution_count": 94,
   "metadata": {},
   "outputs": [
    {
     "name": "stdout",
     "output_type": "stream",
     "text": [
      "   id         name country  latitude  longitude  population\n",
      "0   1        Bombo     UGA    0.5833    32.5333       75000\n",
      "1   2  Fort Portal     UGA    0.6710    30.2750       42670\n",
      "2   3      Potenza     ITA   40.6420    15.7990       69060\n",
      "3   4   Campobasso     ITA   41.5630    14.6560       50762\n",
      "4   5        Aosta     ITA   45.7370     7.3150       34062\n",
      "\n",
      "      id            name country  latitude  longitude  population\n",
      "97    98           Turin     ITA  45.07039    7.66996     1652000\n",
      "103  104           Lille     FRA  50.64997    3.08001     1044000\n",
      "123  124  San Bernardino     USA  34.12038 -117.30003     1745000\n",
      "124  125      Bridgeport     USA  41.17998  -73.19996     1018000\n",
      "126  127      Manchester     GBR  53.50042   -2.24799     2230000\n",
      "127  128      Gujranwala     PAK  32.16043   74.18502     1513000\n",
      "128  129         Incheon     KOR  37.47615  126.64223     2550000\n",
      "129  130      Benin City     NGA   6.34048    5.62001     1190000\n",
      "130  131          Xiamen     CHN  24.44999  118.08002     2519000\n",
      "131  132        Nanchong     CHN  30.78043  106.13000     2174000\n",
      "\n",
      "country\n",
      "CHN    4693000\n",
      "USA    2763000\n",
      "KOR    2550000\n",
      "GBR    2230000\n",
      "ITA    1652000\n",
      "PAK    1513000\n",
      "NGA    1190000\n",
      "FRA    1044000\n",
      "Name: population, dtype: int64\n"
     ]
    },
    {
     "data": {
      "text/html": [
       "<div>\n",
       "<style scoped>\n",
       "    .dataframe tbody tr th:only-of-type {\n",
       "        vertical-align: middle;\n",
       "    }\n",
       "\n",
       "    .dataframe tbody tr th {\n",
       "        vertical-align: top;\n",
       "    }\n",
       "\n",
       "    .dataframe thead th {\n",
       "        text-align: right;\n",
       "    }\n",
       "</style>\n",
       "<table border=\"1\" class=\"dataframe\">\n",
       "  <thead>\n",
       "    <tr style=\"text-align: right;\">\n",
       "      <th></th>\n",
       "      <th>id</th>\n",
       "      <th>name</th>\n",
       "      <th>country</th>\n",
       "      <th>latitude</th>\n",
       "      <th>longitude</th>\n",
       "      <th>population</th>\n",
       "    </tr>\n",
       "  </thead>\n",
       "  <tbody>\n",
       "    <tr>\n",
       "      <th>128</th>\n",
       "      <td>129</td>\n",
       "      <td>Incheon</td>\n",
       "      <td>KOR</td>\n",
       "      <td>37.47615</td>\n",
       "      <td>126.64223</td>\n",
       "      <td>2550000</td>\n",
       "    </tr>\n",
       "    <tr>\n",
       "      <th>130</th>\n",
       "      <td>131</td>\n",
       "      <td>Xiamen</td>\n",
       "      <td>CHN</td>\n",
       "      <td>24.44999</td>\n",
       "      <td>118.08002</td>\n",
       "      <td>2519000</td>\n",
       "    </tr>\n",
       "    <tr>\n",
       "      <th>126</th>\n",
       "      <td>127</td>\n",
       "      <td>Manchester</td>\n",
       "      <td>GBR</td>\n",
       "      <td>53.50042</td>\n",
       "      <td>-2.24799</td>\n",
       "      <td>2230000</td>\n",
       "    </tr>\n",
       "    <tr>\n",
       "      <th>131</th>\n",
       "      <td>132</td>\n",
       "      <td>Nanchong</td>\n",
       "      <td>CHN</td>\n",
       "      <td>30.78043</td>\n",
       "      <td>106.13000</td>\n",
       "      <td>2174000</td>\n",
       "    </tr>\n",
       "    <tr>\n",
       "      <th>123</th>\n",
       "      <td>124</td>\n",
       "      <td>San Bernardino</td>\n",
       "      <td>USA</td>\n",
       "      <td>34.12038</td>\n",
       "      <td>-117.30003</td>\n",
       "      <td>1745000</td>\n",
       "    </tr>\n",
       "    <tr>\n",
       "      <th>97</th>\n",
       "      <td>98</td>\n",
       "      <td>Turin</td>\n",
       "      <td>ITA</td>\n",
       "      <td>45.07039</td>\n",
       "      <td>7.66996</td>\n",
       "      <td>1652000</td>\n",
       "    </tr>\n",
       "    <tr>\n",
       "      <th>127</th>\n",
       "      <td>128</td>\n",
       "      <td>Gujranwala</td>\n",
       "      <td>PAK</td>\n",
       "      <td>32.16043</td>\n",
       "      <td>74.18502</td>\n",
       "      <td>1513000</td>\n",
       "    </tr>\n",
       "    <tr>\n",
       "      <th>129</th>\n",
       "      <td>130</td>\n",
       "      <td>Benin City</td>\n",
       "      <td>NGA</td>\n",
       "      <td>6.34048</td>\n",
       "      <td>5.62001</td>\n",
       "      <td>1190000</td>\n",
       "    </tr>\n",
       "    <tr>\n",
       "      <th>103</th>\n",
       "      <td>104</td>\n",
       "      <td>Lille</td>\n",
       "      <td>FRA</td>\n",
       "      <td>50.64997</td>\n",
       "      <td>3.08001</td>\n",
       "      <td>1044000</td>\n",
       "    </tr>\n",
       "    <tr>\n",
       "      <th>124</th>\n",
       "      <td>125</td>\n",
       "      <td>Bridgeport</td>\n",
       "      <td>USA</td>\n",
       "      <td>41.17998</td>\n",
       "      <td>-73.19996</td>\n",
       "      <td>1018000</td>\n",
       "    </tr>\n",
       "  </tbody>\n",
       "</table>\n",
       "</div>"
      ],
      "text/plain": [
       "      id            name country  latitude  longitude  population\n",
       "128  129         Incheon     KOR  37.47615  126.64223     2550000\n",
       "130  131          Xiamen     CHN  24.44999  118.08002     2519000\n",
       "126  127      Manchester     GBR  53.50042   -2.24799     2230000\n",
       "131  132        Nanchong     CHN  30.78043  106.13000     2174000\n",
       "123  124  San Bernardino     USA  34.12038 -117.30003     1745000\n",
       "97    98           Turin     ITA  45.07039    7.66996     1652000\n",
       "127  128      Gujranwala     PAK  32.16043   74.18502     1513000\n",
       "129  130      Benin City     NGA   6.34048    5.62001     1190000\n",
       "103  104           Lille     FRA  50.64997    3.08001     1044000\n",
       "124  125      Bridgeport     USA  41.17998  -73.19996     1018000"
      ]
     },
     "execution_count": 94,
     "metadata": {},
     "output_type": "execute_result"
    }
   ],
   "source": [
    "import pandas as p\n",
    "\n",
    "url = \"https://github.com/opengeos/datasets/releases/download/world/world_cities.csv\"\n",
    "\n",
    "#1\n",
    "df_data = p.read_csv(url)\n",
    "\n",
    "#2\n",
    "df_top5 = df_data.head(n=5)\n",
    "print(df_top5, end=\"\\n\\n\")\n",
    "\n",
    "#3\n",
    "df_filtered = df_data[df_data[\"population\"] > 1_000_000].head(n=10)\n",
    "print(df_filtered, end=\"\\n\\n\")\n",
    "\n",
    "#4\n",
    "df_grouped = df_filtered.groupby(\"country\")[\"population\"].sum().sort_values(ascending=False)\n",
    "print(df_grouped, end=\"\\n\")\n",
    "\n",
    "#5\n",
    "df_filtered.sort_values(\"population\", ascending=False)"
   ]
  },
  {
   "cell_type": "markdown",
   "metadata": {},
   "source": [
    "## Exercise 3: Creating and Manipulating GeoDataFrames with GeoPandas\n",
    "\n",
    "This exercise focuses on creating and manipulating GeoDataFrames, performing spatial operations, and visualizing the data.\n",
    "\n",
    "1. Load the New York City building dataset from the GeoJSON file using GeoPandas: https://github.com/opengeos/datasets/releases/download/places/nyc_buildings.geojson\n",
    "2. Create a plot of the building footprints and color them based on the building height (use the `height_MS` column).\n",
    "3. Create an interactive map of the building footprints and color them based on the building height (use the `height_MS` column).\n",
    "4. Calculate the average building height (use the `height_MS` column).\n",
    "5. Select buildings with a height greater than the average height.\n",
    "6. Save the GeoDataFrame to a new GeoJSON file."
   ]
  },
  {
   "cell_type": "code",
   "execution_count": null,
   "metadata": {},
   "outputs": [],
   "source": []
  },
  {
   "cell_type": "markdown",
   "metadata": {},
   "source": [
    "## Exercise 4: Combining NumPy, Pandas, and GeoPandas\n",
    "\n",
    "This exercise requires you to combine the power of NumPy, Pandas, and GeoPandas to analyze and visualize spatial data.\n",
    "\n",
    "1. Use Pandas to load the world cities dataset from this URL: https://github.com/opengeos/datasets/releases/download/world/world_cities.csv\n",
    "2. Filter the dataset to include only cities with latitude values between -40 and 60 (i.e., cities located in the Northern Hemisphere or near the equator).\n",
    "3. Create a GeoDataFrame from the filtered dataset by converting the latitude and longitude into geometries.\n",
    "4. Reproject the GeoDataFrame to the Mercator projection (EPSG:3857).\n",
    "5. Calculate the distance (in meters) between each city and the city of Paris.\n",
    "6. Plot the cities on a world map, coloring the points by their distance from Paris."
   ]
  },
  {
   "cell_type": "code",
   "execution_count": null,
   "metadata": {},
   "outputs": [],
   "source": []
  }
 ],
 "metadata": {
  "kernelspec": {
   "display_name": "geo",
   "language": "python",
   "name": "python3"
  },
  "language_info": {
   "codemirror_mode": {
    "name": "ipython",
    "version": 3
   },
   "file_extension": ".py",
   "mimetype": "text/x-python",
   "name": "python",
   "nbconvert_exporter": "python",
   "pygments_lexer": "ipython3",
   "version": "3.11.14"
  }
 },
 "nbformat": 4,
 "nbformat_minor": 4
}
